tests/test_ctd/data/sbe37sm-example-data.cnv
* Sea-Bird SBE37SM-RS232  Data File:
* Software version SeatermV2 2.6.3.104
* Temperature SN = 7247
* Conductivity SN = 7247
* System UpLoad Time = Sep 19 2018 13:06:47
* sample interval = 30 seconds
* <ApplicationData>
* <Seaterm232>
# nquan = 8
# nvalues = 57360
# units = specified
# name 0 = timeS: Time, Elapsed [seconds]
# name 1 = cond0S/m: Conductivity [S/m]
# name 2 = sal00: Salinity, Practical [PSU], moored pressure = 0.00000e+000 [dbar]
# name 3 = tv268C: Temperature [IPTS-68, deg C]
# name 4 = potemp068C: Potential Temperature [IPTS-68, deg C]
# name 5 = prE: Pressure [psi]
# name 6 = density00: Density [density, kg/m^3], moored pressure = 0.00000e+000 [dbar]
# name 7 = flag:  0.000e+00
# span 0 =      0.000, 1720770.00
# span 1 =   0.000028,   3.240067
# span 2 =     0.0104,    22.0769
# span 3 =    -1.0483,    23.1874
# span 4 =    -1.0483,    23.1874
# span 5 =      0.000,      0.000
# span 6 =   998.0053,  1017.6904
# span 7 = 0.0000e+00, 0.0000e+00
# interval = seconds: 30
# start_time = Aug 30 2018 14:56:08 [Instrument's time stamp, first data scan]
# bad_flag = -9.990e-29
*END*
      0.000   0.000034     0.0104    20.9649    20.9649      0.000   998.0104  0.000e+00
     30.000   0.000031     0.0104    20.9881    20.9881      0.000   998.0053  0.000e+00
     60.000   0.000028     0.0104    20.9167    20.9167      0.000   998.0208  0.000e+00
     90.000   2.765204    19.7754    18.3785    18.3785      0.000  1013.5682  0.000e+00
    120.000   2.745219    19.6189    18.3774    18.3774      0.000  1013.4495  0.000e+00
    150.000   2.738038    19.5626    18.3773    18.3773      0.000  1013.4067  0.000e+00
    180.000   2.727645    19.4809    18.3775    18.3775      0.000  1013.3445  0.000e+00
    210.000   2.732432    19.5183    18.3778    18.3778      0.000  1013.3729  0.000e+00
    240.000   2.729428    19.4948    18.3777    18.3777      0.000  1013.3550  0.000e+00
    270.000   2.729281    19.4937    18.3775    18.3775      0.000  1013.3542  0.000e+00
    300.000   2.726788    19.4741    18.3775    18.3775      0.000  1013.3394  0.000e+00
    330.000   2.726759    19.4737    18.3781    18.3781      0.000  1013.3389  0.000e+00
    360.000   2.731692    19.5122    18.3784    18.3784      0.000  1013.3682  0.000e+00
    390.000   2.732115    19.5155    18.3785    18.3785      0.000  1013.3706  0.000e+00
    420.000   2.730660    19.5039    18.3788    18.3788      0.000  1013.3617  0.000e+00
    450.000   2.725592    19.4643    18.3785    18.3785      0.000  1013.3317  0.000e+00
    480.000   2.726501    19.4716    18.3781    18.3781      0.000  1013.3373  0.000e+00
    510.000   2.730290    19.5014    18.3780    18.3780      0.000  1013.3600  0.000e+00
    540.000   2.730319    19.5014    18.3785    18.3785      0.000  1013.3599  0.000e+00
    570.000   2.722966    19.4438    18.3783    18.3783      0.000  1013.3162  0.000e+00
    600.000   2.731147    19.5077    18.3789    18.3789      0.000  1013.3646  0.000e+00
    630.000   2.728325    19.4856    18.3787    18.3787      0.000  1013.3479  0.000e+00
    660.000   2.725997    19.4673    18.3789    18.3789      0.000  1013.3339  0.000e+00
    690.000   2.732502    19.5181    18.3795    18.3795      0.000  1013.3723  0.000e+00
    720.000   2.729175    19.4920    18.3794    18.3794      0.000  1013.3526  0.000e+00
    750.000   2.726841    19.4734    18.3799    18.3799      0.000  1013.3383  0.000e+00
    780.000   2.733066    19.5224    18.3796    18.3796      0.000  1013.3756  0.000e+00
    810.000   2.731845    19.5126    18.3801    18.3801      0.000  1013.3681  0.000e+00
    840.000   2.729791    19.4962    18.3807    18.3807      0.000  1013.3555  0.000e+00
    870.000   2.726788    19.4725    18.3810    18.3810      0.000  1013.3374  0.000e+00
    900.000   2.729527    19.4941    18.3807    18.3807      0.000  1013.3539  0.000e+00
    930.000   2.729017    19.4883    18.3845    18.3845      0.000  1013.3486  0.000e+00
    960.000   2.728155    19.4824    18.3827    18.3827      0.000  1013.3445  0.000e+00
    990.000   2.729551    19.4933    18.3829    18.3829      0.000  1013.3527  0.000e+00
   1020.000   2.726178    19.4664    18.3839    18.3839      0.000  1013.3321  0.000e+00
   1050.000   2.727914    19.4799    18.3841    18.3841      0.000  1013.3423  0.000e+00
   1080.000   2.731311    19.5063    18.3845    18.3845      0.000  1013.3623  0.000e+00
   1110.000   2.731059    19.5041    18.3850    18.3850      0.000  1013.3605  0.000e+00
   1140.000   2.731329    19.5063    18.3849    18.3849      0.000  1013.3622  0.000e+00
   1170.000   2.728219    19.4819    18.3849    18.3849      0.000  1013.3436  0.000e+00
   1200.000   2.731587    19.5082    18.3852    18.3852      0.000  1013.3635  0.000e+00
   1230.000   2.732749    19.5184    18.3829    18.3829      0.000  1013.3718  0.000e+00
   1260.000   2.773567    19.8410    18.3785    18.3785      0.000  1013.6181  0.000e+00
   1290.000   2.795765    20.0147    18.3805    18.3805      0.000  1013.7498  0.000e+00
   1320.000   2.804215    20.0807    18.3817    18.3817      0.000  1013.7996  0.000e+00
   1350.000   2.810392    20.1289    18.3825    18.3825      0.000  1013.8361  0.000e+00
   1380.000   2.808673    20.1150    18.3831    18.3831      0.000  1013.8254  0.000e+00
   1410.000   2.811792    20.1398    18.3827    18.3827      0.000  1013.8444  0.000e+00
   1440.000   2.809248    20.1192    18.3840    18.3840      0.000  1013.8284  0.000e+00
   1470.000   2.812391    20.1436    18.3845    18.3845      0.000  1013.8469  0.000e+00
   1500.000   2.808999    20.1169    18.3845    18.3845      0.000  1013.8266  0.000e+00
   1530.000   2.812628    20.1451    18.3853    18.3853      0.000  1013.8478  0.000e+00
   1560.000   2.810961    20.1320    18.3853    18.3853      0.000  1013.8378  0.000e+00
   1590.000   2.818693    20.1928    18.3854    18.3854      0.000  1013.8841  0.000e+00
   1620.000   2.819720    20.2007    18.3860    18.3860      0.000  1013.8899  0.000e+00
   1650.000   2.814117    20.1563    18.3865    18.3865      0.000  1013.8560  0.000e+00
   1680.000   2.814633    20.1603    18.3865    18.3865      0.000  1013.8591  0.000e+00
   1710.000   2.821175    20.2115    18.3872    18.3872      0.000  1013.8979  0.000e+00
   1740.000   2.821519    20.2141    18.3875    18.3875      0.000  1013.8998  0.000e+00
   1770.000   2.818360    20.1891    18.3876    18.3876      0.000  1013.8808  0.000e+00
   1800.000   2.822167    20.2190    18.3879    18.3879      0.000  1013.9034  0.000e+00
   1830.000   2.817363    20.1807    18.3888    18.3888      0.000  1013.8741  0.000e+00
   1860.000   2.813310    20.1485    18.3894    18.3894      0.000  1013.8495  0.000e+00
   1890.000   2.824572    20.2372    18.3894    18.3894      0.000  1013.9170  0.000e+00
   1920.000   2.821193    20.2104    18.3898    18.3898      0.000  1013.8964  0.000e+00
   1950.000   2.822654    20.2216    18.3905    18.3905      0.000  1013.9048  0.000e+00
   1980.000   2.823063    20.2246    18.3908    18.3908      0.000  1013.9070  0.000e+00
   2010.000   2.823764    20.2305    18.3900    18.3900      0.000  1013.9117  0.000e+00
   2040.000   2.827116    20.2564    18.3911    18.3911      0.000  1013.9312  0.000e+00
   2070.000   2.822196    20.2173    18.3917    18.3917      0.000  1013.9013  0.000e+00
   2100.000   2.823574    20.2280    18.3921    18.3921      0.000  1013.9093  0.000e+00
   2130.000   2.824655    20.2365    18.3921    18.3921      0.000  1013.9158  0.000e+00
   2160.000   2.827662    20.2599    18.3928    18.3928      0.000  1013.9334  0.000e+00
   2190.000   2.831152    20.2873    18.3930    18.3930      0.000  1013.9542  0.000e+00
   2220.000   2.826248    20.2484    18.3936    18.3936      0.000  1013.9245  0.000e+00
   2250.000   2.831830    20.2923    18.3936    18.3936      0.000  1013.9579  0.000e+00
